NeuralNet


Model Output:   size decay  Accuracy     Kappa AccuracySD    KappaSD
1     1 0.000 0.7421222 0.4842370 0.08172786 0.16345233
2     1 0.001 0.7714015 0.5428078 0.02411685 0.04820825
3     1 0.100 0.7690261 0.5380543 0.02425033 0.04848220
4     1 1.000 0.7652212 0.5304466 0.02407903 0.04814015
5     3 0.000 0.7560867 0.5121892 0.02881622 0.05763095
6     3 0.001 0.7596281 0.5192555 0.02451781 0.04904532
7     3 0.100 0.7617802 0.5235759 0.02758005 0.05514715
8     3 1.000 0.7645069 0.5290198 0.02234119 0.04466026
9     5 0.000 0.7391739 0.4783707 0.03133249 0.06263040
10    5 0.001 0.7483490 0.4966929 0.02442383 0.04883499
11    5 0.100 0.7639172 0.5278442 0.02535097 0.05070227
12    5 1.000 0.7640345 0.5280746 0.02279122 0.04556034
13    7 0.000 0.7295607 0.4591237 0.03438146 0.06873001
14    7 0.001 0.7382456 0.4764967 0.02424864 0.04849723
15    7 0.100 0.7504876 0.5009904 0.02341491 0.04681571
16    7 1.000 0.7654614 0.5309246 0.02334953 0.04668419
17   10 0.000 0.7197051 0.4394122 0.02760105 0.05519650
18   10 0.001 0.7315904 0.4631932 0.02682486 0.05364785
19   10 0.100 0.7412193 0.4824508 0.02641462 0.05277780
20   10 1.000 0.7659367 0.5318758 0.02344322 0.04687532


threshold:0.4043

auc:0.8406636

mcc:0.4550048

Confusion Matrix:Confusion Matrix and Statistics

          Reference
Prediction   0   1
         0 960 113
         1 330 354
                                         
               Accuracy : 0.7479         
                 95% CI : (0.7269, 0.768)
    No Information Rate : 0.7342         
    P-Value [Acc > NIR] : 0.1017         
                                         
                  Kappa : 0.4374         
                                         
 Mcnemar's Test P-Value : <2e-16         
                                         
            Sensitivity : 0.7580         
            Specificity : 0.7442         
         Pos Pred Value : 0.5175         
         Neg Pred Value : 0.8947         
             Prevalence : 0.2658         
         Detection Rate : 0.2015         
   Detection Prevalence : 0.3893         
      Balanced Accuracy : 0.7511         
                                         
       'Positive' Class : 1              
                                         
